UCS is Running
Time taken: 0.21541428565979004
Number of steps: 13



[[5 6 1]
 [0 3 2]
 [7 4 8]]

Left

[[5 6 1]
 [3 0 2]
 [7 4 8]]

Down

[[5 0 1]
 [3 6 2]
 [7 4 8]]

Right

[[0 5 1]
 [3 6 2]
 [7 4 8]]

Up

[[3 5 1]
 [0 6 2]
 [7 4 8]]

Left

[[3 5 1]
 [6 0 2]
 [7 4 8]]

Down

[[3 0 1]
 [6 5 2]
 [7 4 8]]

Left

[[3 1 0]
 [6 5 2]
 [7 4 8]]

Up

[[3 1 2]
 [6 5 0]
 [7 4 8]]

Right

[[3 1 2]
 [6 0 5]
 [7 4 8]]

Up

[[3 1 2]
 [6 4 5]
 [7 0 8]]

Right

[[3 1 2]
 [6 4 5]
 [0 7 8]]

Down

[[3 1 2]
 [0 4 5]
 [6 7 8]]

Down

[[0 1 2]
 [3 4 5]
 [6 7 8]]

